4;336
4;336
4;336
32;150122
2;34
8;2730
16;20600
32;150122
2;34
16;20600
16;20600
4;336
8;2730
4;336
4;336
32;150122
16;20600
16;20600
16;20600
4;336
4;336
2;34
2;34
32;150122
4;336
8;2730
4;336
16;20600
32;150122
2;34
32;150122
32;150122
4;336
16;20600
32;150122
8;2730
32;150122
16;20600
2;34
32;150122
16;20600
8;2730
4;336
8;2730
16;20600
8;2730
4;336
8;2730
4;336
2;34
8;2730
2;34
8;2730
2;34
2;34
2;34
4;336
4;336
16;20600
32;150122
32;150122
32;150122
8;2730
16;20600
8;2730
32;150122
4;336
2;34
8;2730
32;150122
2;34
8;2730
2;34
16;20600
32;150122
4;336
32;150122
4;336
4;336
4;336
8;2730
4;336
8;2730
4;336
4;336
4;336
4;336
2;34
4;336
16;20600
8;2730
8;2730
8;2730
16;20600
16;20600
4;336
2;34
2;34
16;20600
2;34
